Returned byte 0x48
Returned byte 0x34
Returned byte 0x33
-43 -397 198
-44 -395 199
-42 -391 205
-42 -404 190
-40 -395 200
-41 -398 192
-43 -402 190
-39 -394 200
-37 -398 192
-38 -397 193
-39 -401 196
-40 -407 185
-36 -396 197
-35 -400 193
-35 -400 191
-34 -393 202
-35 -400 190
-34 -395 195
-31 -399 192
-34 -404 184
-31 -395 197
-32 -402 188
-32 -399 193
-28 -395 198
-33 -403 188
-31 -393 193
-32 -399 191
-30 -401 191
-28 -392 199
-27 -402 184
-26 -395 191
-25 -397 189
-30 -407 183
-26 -396 192
-29 -400 188
-27 -400 191
-20 -392 196
-24 -406 182
-22 -398 189
-23 -402 185
-26 -408 179
-20 -394 189
-20 -403 180
-18 -402 183
-17 -399 183
-19 -413 170
-14 -403 178
-18 -408 171
-15 -405 174
-12 -400 182
-13 -412 167
-10 -408 174
-10 -409 170
-12 -417 160
-9 -407 172
-6 -410 162
-6 -411 165
-4 -405 175
-8 -414 160
-6 -407 169
-8 -414 166
-9 -413 162
-4 -406 173
-5 -412 160
-7 -407 166
-1 -407 170
-4 -416 160
-1 -404 171
1 -408 162
1 -410 163
2 -400 173
2 -410 165
5 -403 170
5 -409 166
3 -412 160
6 -401 171
10 -408 163
13 -408 161
16 -403 170
13 -413 156
20 -400 165
21 -405 161
23 -402 160
24 -396 172
22 -410 160
26 -400 165
21 -404 164
21 -407 159
26 -398 170
26 -405 161
27 -401 169
29 -398 174
27 -406 160
30 -397 173
29 -401 166
31 -397 165
37 -393 179
37 -401 164
36 -398 170
39 -396 170
36 -404 163
40 -394 173
41 -395 164
41 -398 169
45 -390 178
42 -403 163
47 -394 169
41 -397 167
42 -402 161
48 -393 174
46 -400 161
48 -401 164
53 -398 165
51 -406 150
57 -398 160
56 -400 156
57 -403 153
62 -393 161
60 -402 152
62 -400 156
64 -401 153
61 -406 144
62 -397 154
64 -403 151
63 -402 148
68 -397 157
62 -407 145
67 -398 153
65 -404 148
63 -408 147
68 -394 155
65 -406 148
68 -399 151
68 -402 151
64 -411 145
70 -401 151
69 -404 146
68 -406 148
74 -397 159
67 -407 146
71 -402 153
70 -403 148
65 -408 144
74 -396 151
71 -406 146
73 -404 148
79 -400 149
78 -409 137
82 -399 145
84 -406 138
82 -406 135
88 -398 145
85 -411 136
86 -404 139
90 -403 141
84 -409 133
92 -398 142
88 -405 134
90 -403 136
94 -398 139
90 -407 131
93 -398 137
91 -404 135
90 -403 131
97 -398 141
92 -406 130
95 -403 139
97 -400 137
88 -410 131
95 -399 137
95 -404 136
96 -402 136
101 -393 144
98 -407 135
102 -401 140
101 -402 136
98 -407 132
104 -396 143
102 -399 132
104 -400 137
108 -396 140
104 -409 129
108 -399 135
111 -401 131
107 -401 131
115 -394 137
109 -406 126
114 -398 129
118 -400 126
116 -411 114
122 -399 118
121 -408 109
125 -407 108
132 -402 111
127 -412 98
131 -408 98
133 -410 92
132 -415 86
141 -406 89
133 -413 79
141 -413 81
147 -412 83
136 -419 70
142 -413 82
143 -416 70
144 -416 69
151 -408 70
143 -419 65
149 -412 65
148 -417 67
141 -421 62
150 -412 69
149 -419 62
155 -419 61
160 -412 65
148 -419 56
156 -414 63
153 -417 62
151 -418 58
160 -410 66
154 -417 56
158 -414 58
159 -418 56
155 -421 43
163 -416 45
163 -420 38
164 -419 36
183 -416 38
166 -422 29
175 -417 32
174 -421 27
170 -422 22
181 -418 24
178 -422 20
181 -419 20
187 -417 19
179 -422 11
185 -415 14
181 -418 12
182 -418 9
192 -414 14
183 -424 6
192 -417 5
189 -418 6
185 -421 -2
191 -415 5
193 -421 -1
191 -419 3
197 -413 7
189 -421 1
195 -417 5
189 -420 -3
189 -424 -5
200 -415 -2
191 -423 -14
196 -420 -14
201 -419 -17
193 -428 -25
201 -415 -24
201 -423 -29
199 -423 -36
209 -418 -31
200 -426 -41
207 -421 -43
201 -421 -41
196 -430 -48
207 -422 -41
200 -421 -40
203 -423 -43
212 -421 -42
201 -425 -56
209 -424 -54
206 -425 -60
199 -426 -65
211 -422 -60
208 -427 -68
209 -424 -70
212 -427 -71
202 -432 -78
212 -426 -75
207 -427 -77
207 -424 -78
218 -421 -73
209 -428 -77
215 -423 -73
211 -425 -72
205 -425 -75
218 -419 -71
214 -424 -77
216 -422 -79
221 -420 -78
212 -428 -85
223 -421 -85
218 -421 -92
220 -422 -92
226 -417 -89
219 -422 -95
221 -423 -95
222 -426 -95
212 -431 -101
224 -423 -98
222 -428 -104
221 -425 -105
228 -421 -103
215 -428 -108
223 -421 -107
224 -422 -113
217 -427 -114
228 -419 -114
223 -426 -121
228 -422 -125
234 -420 -128
222 -426 -135
232 -421 -137
228 -424 -143
225 -424 -150
235 -419 -151
226 -425 -157
229 -423 -163
229 -423 -166
221 -427 -165
231 -423 -165
223 -427 -167
228 -424 -169
233 -422 -169
222 -430 -172
234 -420 -171
222 -426 -173
227 -424 -173
225 -427 -175
217 -432 -177
231 -425 -177
223 -425 -177
222 -426 -177
232 -421 -175
222 -431 -176
228 -423 -177
224 -428 -177
221 -429 -177
228 -420 -176
220 -427 -177
224 -427 -178
227 -425 -183
213 -432 -186
223 -428 -189
221 -428 -195
219 -431 -197
229 -424 -200
218 -431 -205
223 -426 -211
219 -427 -214
209 -432 -218
220 -427 -225
215 -433 -229
214 -428 -231
221 -425 -231
210 -433 -239
214 -428 -239
213 -432 -243
208 -433 -244
217 -425 -249
207 -428 -258
209 -427 -257
213 -430 -260
204 -436 -263
210 -428 -263
206 -429 -265
207 -428 -266
217 -424 -264
206 -432 -266
210 -424 -269
208 -431 -269
202 -434 -268
209 -428 -269
202 -431 -265
206 -432 -266
207 -429 -266
200 -436 -271
203 -430 -270
203 -431 -272
198 -431 -271
210 -427 -274
195 -438 -280
198 -430 -282
200 -431 -282
190 -438 -284
199 -431 -287
195 -432 -288
191 -432 -293
199 -427 -300
189 -434 -301
189 -429 -305
189 -431 -306
185 -435 -313
190 -428 -317
182 -431 -321
186 -430 -328
185 -426 -334
173 -431 -338
180 -426 -350
176 -430 -352
172 -428 -359
177 -424 -362
168 -429 -364
169 -423 -370
169 -424 -369
161 -430 -370
169 -422 -373
162 -425 -376
165 -426 -378
168 -421 -380
157 -429 -378
162 -423 -381
160 -427 -380
154 -427 -383
165 -421 -389
157 -426 -388
160 -424 -389
156 -422 -388
148 -426 -391
157 -422 -392
152 -425 -393
153 -422 -395
157 -419 -399
149 -425 -399
151 -420 -400
148 -422 -402
137 -427 -410
146 -418 -417
132 -423 -416
135 -421 -424
133 -416 -429
120 -420 -434
126 -415 -437
119 -417 -444
115 -416 -444
121 -413 -454
110 -416 -455
108 -411 -460
105 -410 -466
95 -414 -464
100 -408 -472
94 -413 -472
94 -413 -475
95 -406 -478
86 -410 -477
88 -406 -484
87 -412 -483
81 -414 -482
86 -403 -488
84 -411 -486
80 -406 -492
81 -403 -491
70 -412 -491
79 -404 -493
75 -406 -491
73 -408 -490
80 -405 -496
73 -407 -492
74 -405 -497
74 -407 -497
64 -413 -495
70 -405 -502
69 -408 -498
67 -406 -502
72 -402 -506
63 -407 -502
66 -405 -503
64 -410 -503
59 -406 -505
62 -399 -509
58 -403 -508
58 -402 -508
56 -406 -510
52 -405 -507
60 -400 -515
52 -404 -510
54 -401 -515
55 -403 -516
42 -403 -512
52 -400 -521
43 -401 -520
43 -402 -519
47 -395 -526
40 -400 -520
42 -399 -527
39 -399 -526
36 -401 -523
39 -394 -530
31 -400 -526
32 -398 -534
31 -396 -536
21 -402 -530
26 -396 -538
24 -398 -534
18 -396 -535
22 -391 -544
11 -396 -537
15 -394 -544
13 -392 -546
1 -396 -543
8 -391 -549
5 -393 -549
0 -392 -553
2 -389 -559
-7 -395 -549
-5 -388 -557
-8 -389 -558
-15 -390 -555
-12 -384 -566
-22 -388 -560
-21 -382 -567
-22 -386 -567
-29 -387 -564
-26 -383 -570
-32 -386 -568
-35 -381 -570
-34 -380 -577
-39 -387 -573
-38 -380 -579
-40 -385 -571
-41 -384 -569
-39 -379 -575
-40 -382 -568
-39 -381 -575
-35 -382 -573
-44 -387 -569
-38 -380 -576
-42 -385 -572
-46 -384 -573
-41 -378 -579
-51 -385 -574
-52 -382 -578
-57 -382 -581
-65 -382 -574
-64 -376 -582
-68 -379 -581
-69 -377 -586
-69 -373 -589
-77 -377 -582
-77 -370 -590
-82 -375 -586
-88 -372 -587
-87 -367 -597
-92 -371 -590
-96 -369 -596
-98 -368 -596
-104 -376 -593
-106 -364 -599
-112 -368 -601
-115 -362 -601
-114 -359 -606
-122 -366 -596
-118 -360 -602
-127 -361 -603
-129 -365 -599
-131 -353 -612
-135 -360 -604
-137 -357 -608
-139 -356 -605
-144 -355 -604
-146 -353 -608
-152 -356 -604
-155 -355 -606
-160 -347 -615
-169 -353 -607
-167 -349 -611
-173 -348 -611
-179 -352 -607
-182 -344 -612
-186 -347 -613
-191 -345 -611
-193 -339 -617
-200 -346 -611
-198 -339 -613
-203 -345 -612
-202 -345 -608
-203 -337 -616
-208 -344 -607
-208 -343 -612
-209 -340 -612
-209 -346 -606
-210 -338 -611
-208 -342 -610
-210 -344 -609
-206 -340 -617
-208 -344 -606
-212 -341 -614
-211 -339 -612
-211 -343 -607
-210 -334 -615
-215 -339 -612
-217 -338 -613
-217 -334 -617
-217 -342 -610
-219 -337 -613
-221 -340 -608
-222 -341 -606
-222 -333 -614
-226 -338 -607
-223 -338 -607
-224 -337 -612
-229 -341 -599
-227 -338 -612
-232 -338 -608
-231 -336 -606
-235 -331 -612
-243 -337 -606
-245 -334 -609
-244 -335 -608
-248 -337 -600
-250 -332 -608
-251 -335 -603
-253 -333 -605
-254 -330 -608
-259 -337 -599
-258 -331 -606
-262 -334 -601
-260 -330 -605
-262 -330 -601
-265 -337 -596
-266 -325 -606
-270 -332 -598
-272 -330 -600
-270 -323 -605
-275 -332 -599
-277 -327 -603
-281 -328 -598
-283 -329 -596
-281 -326 -604
-284 -326 -594
-284 -327 -596
-286 -324 -597
-289 -330 -591
-293 -326 -598
-292 -330 -592
-292 -329 -592
-291 -323 -598
-293 -329 -589
-296 -325 -592
-295 -329 -589
-300 -333 -585
-299 -322 -593
-302 -327 -589
-305 -325 -589
-306 -323 -590
-305 -332 -582
-305 -322 -587
-310 -328 -586
-311 -327 -584
-312 -323 -589
-309 -329 -583
-311 -325 -585
-313 -325 -584
-311 -332 -579
-312 -324 -585
-313 -328 -584
-317 -328 -580
-313 -326 -587
-318 -329 -576
-319 -322 -583
-318 -329 -577
-320 -330 -573
-325 -326 -579
-328 -328 -571
-331 -327 -570
-335 -328 -574
-338 -333 -561
-335 -325 -566
-336 -330 -561
-340 -332 -561
-341 -322 -566
-345 -330 -556
-349 -329 -556
-352 -328 -555
-351 -332 -549
-355 -328 -555
-360 -332 -547
-358 -330 -546
-363 -326 -551
-367 -334 -539
-369 -331 -545
-371 -330 -537
-372 -330 -531
-374 -327 -538
-376 -333 -529
-380 -328 -529
-382 -328 -532
-382 -334 -525
-381 -330 -528
-381 -335 -521
-383 -335 -523
-385 -328 -526
-386 -336 -518
-389 -334 -519
-391 -331 -517
-393 -341 -509
-392 -331 -514
-391 -336 -511
-396 -337 -507
-397 -334 -511
-396 -341 -501
-399 -333 -504
-398 -335 -503
-397 -339 -501
-402 -332 -507
-400 -336 -501
-407 -334 -499
-408 -334 -499
-405 -338 -493
-412 -336 -495
-409 -336 -492
-412 -336 -490
-417 -330 -494
-413 -339 -481
-418 -333 -484
-420 -334 -483
-421 -338 -477
-428 -332 -481
-426 -335 -477
-427 -330 -476
-430 -330 -480
-431 -334 -471
-433 -329 -477
-436 -334 -471
-435 -333 -470
-437 -325 -473
-436 -330 -466
-441 -330 -468
-441 -328 -468
-441 -335 -458
-445 -328 -465
-447 -328 -459
-451 -330 -455
-453 -323 -462
-450 -331 -448
-458 -329 -451
-458 -328 -448
-456 -332 -441
-458 -326 -448
-458 -332 -443
-462 -330 -440
-464 -326 -442
-464 -328 -432
-467 -324 -432
-471 -327 -429
-471 -324 -429
-476 -320 -431
-475 -323 -423
-479 -323 -426
-480 -323 -424
-479 -324 -413
-481 -321 -419
-483 -325 -412
-485 -324 -412
-486 -319 -414
-483 -328 -404
-487 -326 -406
-488 -327 -402
-483 -332 -400
-489 -325 -401
-488 -332 -389
-495 -327 -385
-499 -327 -384
-497 -330 -371
-506 -325 -370
-508 -325 -365
-511 -324 -361
-514 -319 -358
-513 -328 -349
-514 -325 -346
-518 -325 -339
-514 -327 -335
-523 -320 -336
-524 -322 -327
-525 -322 -324
-532 -319 -321
-528 -323 -312
-534 -320 -312
-533 -319 -312
-533 -315 -309
-539 -313 -312
-537 -317 -306
-541 -312 -307
-539 -312 -306
-542 -311 -299
-547 -307 -302
-547 -308 -298
-550 -310 -292
-552 -305 -292
-550 -307 -280
-557 -305 -280
-552 -307 -277
-556 -309 -270
-556 -300 -273
-554 -308 -266
-558 -307 -263
-557 -301 -261
-557 -308 -252
-558 -296 -256
-558 -304 -252
-563 -299 -244
-567 -294 -246
-563 -302 -235
-570 -298 -234
-569 -299 -229
-563 -305 -226
-569 -295 -223
-569 -300 -219
-571 -294 -215
-575 -296 -215
-572 -302 -208
-576 -291 -209
-577 -294 -209
-575 -295 -210
-577 -292 -209
-575 -299 -204
-573 -296 -205
-573 -296 -206
-568 -300 -201
-573 -296 -202
-572 -299 -199
-574 -296 -197
-578 -291 -198
-577 -296 -191
-582 -289 -188
-581 -291 -186
-582 -289 -184
-585 -276 -182
-583 -288 -177
-586 -282 -174
-590 -284 -174
-580 -288 -170
-589 -278 -165
-587 -280 -166
-586 -280 -160
-594 -274 -155
-585 -282 -145
-591 -278 -147
-591 -276 -135
-588 -281 -129
-597 -271 -123
-591 -274 -112
-593 -269 -112
-595 -266 -101
-589 -274 -95
-592 -268 -90
-592 -271 -85
-586 -276 -80
-592 -264 -72
-586 -270 -64
-590 -267 -56
-588 -268 -50
-582 -275 -44
-587 -266 -43
-583 -270 -39
-583 -268 -36
-587 -263 -33
-581 -273 -26
-586 -265 -23
-584 -268 -23
-578 -272 -18
-583 -262 -17
-576 -268 -17
-582 -267 -10
-577 -265 -10
-574 -274 -7
-577 -267 -3
-573 -267 -1
-572 -266 7
-577 -257 12
-571 -266 16
-573 -259 21
-573 -257 26
-567 -263 32
-570 -256 35
-567 -260 37
-566 -260 43
-568 -259 43
-558 -267 47
-563 -262 49
-560 -266 49
-552 -266 53
-559 -260 50
-551 -268 57
-553 -264 56
-554 -266 58
-545 -272 65
-548 -260 66
-543 -268 67
-545 -268 74
-548 -262 77
-541 -270 79
-541 -264 82
-541 -265 85
-533 -269 84
-545 -259 86
-538 -272 86
-539 -269 84
-535 -274 84
-529 -274 86
-536 -266 87
-528 -277 90
-528 -274 91
-525 -278 93
-516 -283 95
-528 -273 100
-517 -282 99
-522 -276 102
-523 -276 100
-513 -286 105
-518 -279 105
-514 -281 105
-512 -285 104
-519 -280 104
-509 -286 106
-512 -281 108
-510 -280 110
-504 -292 114
-513 -282 110
-504 -288 108
-504 -292 107
-509 -290 107
-496 -299 105
-498 -294 106
-495 -300 108
-491 -302 109
-495 -297 107
-490 -305 107
-490 -305 108
-488 -305 112
-482 -311 109
-486 -308 111
-481 -313 108
-480 -312 110
-482 -308 111
-475 -316 110
-477 -316 111
-474 -319 108
-469 -325 108
-477 -312 111
-470 -318 111
-471 -319 116
-475 -313 117
-466 -324 114
-468 -318 115
-466 -323 117
-460 -325 121
-470 -314 119
-462 -323 118
-463 -318 124
-464 -320 121
-456 -329 121
-462 -319 125
-457 -326 121
-456 -323 121
-462 -315 126
-457 -325 126
-457 -318 130
-456 -320 130
-453 -326 129
-460 -316 135
-455 -322 132
-457 -318 137
-458 -317 138
-449 -323 134
-454 -316 138
-446 -323 138
-443 -319 139
-450 -314 146
-443 -325 144
-444 -319 147
-443 -322 147
-439 -323 150
-441 -319 153
-435 -319 155
-437 -319 160
-438 -316 164
-426 -323 162
-428 -318 168
-423 -321 167
-415 -323 170
-418 -316 177
-409 -326 177
-407 -322 183
-408 -320 186
-397 -328 184
-400 -320 188
-397 -326 191
-394 -329 192
-396 -321 198
-385 -330 196
-386 -326 198
-381 -327 200
-374 -334 199
-379 -327 206
-369 -330 204
-368 -329 210
-370 -330 212
-357 -335 207
-358 -330 215
-351 -335 214
-347 -337 213
-355 -326 220
-344 -339 215
-343 -337 217
-340 -338 219
-332 -345 215
-338 -336 222
-329 -343 220
-327 -343 223
-326 -336 230
-319 -347 220
-318 -338 227
-314 -344 225
-303 -351 223
-309 -342 229
-302 -346 227
-300 -347 233
-300 -346 231
-288 -351 229
-294 -349 234
-288 -348 232
-287 -350 227
-291 -346 236
-280 -352 232
-282 -348 237
-280 -350 228
-272 -356 232
-279 -349 235
-274 -355 233
-273 -352 236
-274 -351 238
-266 -357 233
-266 -355 236
-265 -357 237
-259 -359 229
-264 -348 239
-259 -358 232
-257 -355 236
-258 -355 238
-251 -364 230
-254 -357 239
-250 -361 234
-245 -360 235
-248 -352 241
-242 -360 235
-243 -358 241
-239 -358 241
-237 -365 235
-238 -357 241
-233 -360 239
-231 -363 245
-231 -360 244
-220 -365 238
-224 -360 242
-217 -364 242
-214 -367 242
-217 -361 248
-212 -367 237
-211 -363 242
-209 -364 242
-201 -367 239
-204 -358 247
-201 -367 242
-196 -366 244
-198 -363 249
-193 -367 238
-196 -366 246
-189 -370 241
-185 -374 241
-189 -363 247
-187 -370 242
-184 -367 242
-182 -369 246
-180 -374 237
-177 -370 246
-179 -372 239
-174 -374 243
-176 -368 246
-172 -372 239
-173 -369 242
-168 -373 239
-164 -378 239
-163 -370 247
-160 -375 238
-157 -374 241
-155 -372 249
-148 -382 238
-148 -370 244
-144 -376 241
-137 -381 238
-137 -373 245
-133 -380 238
-134 -378 239
-129 -379 242
-124 -382 230
-124 -376 241
-122 -384 234
-118 -378 237
-119 -375 245
-113 -385 230
-115 -378 238
-108 -382 237
-103 -385 227
-106 -377 238
-102 -385 231
-99 -381 235
-102 -380 237
-96 -387 228
-97 -381 235
-96 -382 230
-94 -384 228
-96 -379 237
-92 -386 228
-94 -384 228
-94 -385 232
-91 -388 222
-92 -385 233
-90 -387 228
-86 -385 232
-88 -379 234
-82 -389 223
-85 -383 231
-78 -387 229
-81 -390 223
-79 -382 234
-75 -388 224
-75 -386 229
-77 -386 228
-73 -393 219
-73 -382 229
-71 -388 221
-67 -389 225
-64 -384 229
-63 -389 221
-60 -386 225
-54 -391 222
-53 -396 213
-50 -385 222
-47 -393 217
-42 -391 216
-41 -389 219
-37 -398 208
-38 -393 215
-35 -394 211
-36 -393 208
-31 -389 212
-31 -398 202
-26 -395 206
-21 -396 203
-20 -402 194
-17 -396 203
-12 -400 197
-12 -400 197
-7 -394 201
-5 -403 189
-7 -399 196
-5 -400 190
-4 -404 185
0 -397 197
3 -404 185
6 -399 191
2 -402 189
1 -405 178
6 -402 186
9 -405 180
8 -403 180
13 -399 185
13 -407 177
14 -402 178
18 -407 174
19 -409 168
18 -404 178
25 -407 171
22 -405 171
25 -404 174
27 -411 163
28 -408 173
28 -408 169
31 -408 164
32 -404 173
36 -409 164
37 -409 162
42 -407 163
45 -412 152
44 -404 159
48 -414 150
52 -413 150
54 -409 156
58 -414 142
57 -411 144
63 -414 139
69 -417 132
70 -411 140
74 -417 131
73 -412 130
83 -413 132
82 -420 116
90 -412 123
91 -418 112
96 -416 112
101 -415 108
101 -419 99
108 -418 104
110 -420 97
109 -419 96
113 -415 100
114 -423 90
117 -414 93
118 -420 87
113 -419 84
119 -417 94
119 -420 85
121 -417 87
121 -413 91
119 -420 81
121 -415 93
122 -415 88
123 -416 90
128 -408 98
124 -418 86
124 -414 92
126 -413 90
127 -415 82
129 -407 96
127 -412 89
134 -410 91
137 -409 93
133 -413 86
136 -411 90
140 -411 85
141 -413 80
143 -406 87
147 -416 75
152 -412 73
154 -407 72
154 -417 57
160 -410 62
162 -412 56
163 -413 51
166 -409 54
166 -418 44
168 -411 43
169 -412 39
170 -417 31
177 -411 37
173 -418 26
178 -413 25
179 -415 29
174 -417 17
178 -417 22
179 -417 19
178 -418 14
182 -413 25
180 -418 14
180 -418 15
184 -417 18
180 -424 10
184 -415 18
178 -419 13
185 -418 16
184 -415 22
176 -422 13
182 -416 18
179 -418 11
177 -422 4
183 -414 12
181 -420 2
187 -420 0
190 -418 -3
184 -425 -12
191 -419 -7
188 -423 -15
194 -420 -17
198 -417 -15
190 -425 -26
198 -422 -22
194 -422 -28
191 -426 -36
198 -421 -32
197 -426 -41
197 -425 -42
204 -422 -44
198 -427 -57
203 -424 -56
204 -427 -62
198 -429 -66
207 -423 -59
201 -426 -71
204 -424 -73
203 -424 -74
200 -431 -82
206 -427 -78
201 -430 -82
201 -429 -84
207 -427 -82
202 -432 -93
206 -428 -92
203 -430 -98
201 -433 -107
210 -428 -109
208 -432 -121
209 -430 -127
215 -431 -134
202 -433 -147
212 -430 -148
207 -431 -159
207 -434 -163
213 -431 -167
204 -435 -176
206 -434 -177
205 -437 -180
197 -441 -184
208 -432 -184
200 -436 -192
200 -435 -193
207 -433 -191
195 -440 -196
200 -439 -195
197 -439 -199
192 -440 -201
197 -438 -200
192 -439 -206
197 -439 -206
196 -439 -211
188 -446 -211
192 -436 -211
191 -441 -213
190 -441 -217
196 -437 -217
186 -441 -223
191 -440 -225
191 -440 -224
186 -442 -231
192 -438 -232
186 -441 -237
189 -439 -241
192 -436 -248
178 -444 -255
188 -438 -263
181 -444 -264
180 -437 -269
188 -435 -269
175 -440 -276
181 -439 -280
177 -439 -282
168 -441 -289
181 -439 -291
173 -441 -292
173 -438 -293
180 -439 -295
170 -439 -295
175 -438 -292
169 -442 -292
166 -442 -294
175 -436 -294
167 -441 -296
169 -443 -295
171 -441 -295
161 -445 -298
168 -440 -300
162 -442 -298
164 -442 -298
171 -438 -299
162 -446 -302
168 -438 -302
166 -442 -303
163 -443 -305
171 -435 -304
168 -440 -308
168 -439 -310
171 -435 -309
163 -440 -315
168 -435 -318
165 -439 -323
161 -439 -327
172 -430 -332
158 -435 -336
164 -436 -342
165 -432 -346
156 -434 -351
165 -429 -354
159 -431 -356
159 -429 -358
163 -425 -361
157 -431 -362
160 -429 -363
159 -429 -364
154 -432 -366
163 -424 -368
153 -425 -367
160 -427 -371
159 -423 -374
152 -430 -374
158 -424 -376
154 -423 -379
150 -422 -383
159 -419 -384
152 -425 -386
152 -422 -391
149 -424 -390
143 -426 -392
154 -421 -391
149 -424 -391
148 -422 -394
156 -419 -398
143 -422 -398
150 -421 -400
145 -421 -400
141 -422 -403
150 -415 -409
145 -421 -409
141 -416 -412
144 -419 -418
131 -419 -421
140 -415 -423
137 -413 -427
134 -413 -431
138 -409 -431
132 -416 -432
135 -411 -439
130 -409 -438
126 -417 -442
134 -406 -445
127 -408 -446
127 -409 -446
131 -404 -455
119 -411 -453
120 -404 -459
117 -402 -463
111 -405 -468
114 -401 -473
106 -404 -475
108 -404 -479
104 -400 -479
97 -406 -482
100 -400 -486
96 -401 -484
97 -400 -485
100 -399 -487
91 -402 -488
98 -400 -489
96 -402 -485
92 -404 -487
98 -399 -488
92 -403 -489
94 -401 -490
96 -396 -490
87 -405 -488
92 -400 -489
90 -402 -489
90 -404 -490
92 -398 -492
91 -405 -490
87 -402 -492
87 -401 -495
81 -406 -490
87 -402 -495
81 -401 -497
81 -399 -497
84 -395 -499
74 -404 -499
77 -395 -505
72 -398 -508
65 -400 -504
74 -395 -512
70 -396 -513
66 -393 -513
68 -389 -518
62 -396 -514
64 -392 -518
63 -393 -518
63 -395 -520
67 -387 -520
60 -392 -519
63 -395 -524
58 -394 -522
55 -395 -522
65 -392 -523
60 -392 -522
59 -393 -523
64 -392 -525
56 -398 -517
63 -390 -520
59 -393 -522
54 -393 -523
61 -389 -526
56 -394 -518
60 -389 -525
56 -392 -522
50 -395 -522
55 -392 -526
52 -394 -522
54 -391 -524
56 -390 -526
48 -396 -522
53 -389 -528
49 -395 -529
40 -395 -525
47 -391 -537
42 -391 -531
39 -391 -533
36 -387 -539
28 -392 -535
29 -387 -541
24 -390 -546
18 -388 -546
16 -385 -550
4 -391 -546
10 -382 -557
3 -388 -555
-1 -384 -556
-1 -382 -563
-6 -386 -557
-7 -380 -563
-10 -383 -561
-13 -382 -566
-12 -376 -569
-19 -380 -563
-16 -377 -569
-18 -381 -567
-23 -383 -566
-20 -376 -572
-24 -379 -567
-26 -379 -567
-24 -377 -576
-32 -381 -572
-32 -378 -575
-36 -378 -575
-37 -378 -573
-40 -373 -579
-45 -377 -578
-49 -377 -582
-49 -374 -581
-59 -377 -577
-57 -375 -582
-61 -374 -582
-68 -370 -585
-70 -366 -590
-79 -373 -586
-77 -368 -592
-86 -373 -589
-88 -371 -586
-90 -366 -591
-94 -369 -591
-94 -368 -591
-97 -364 -595
-102 -367 -588
-101 -368 -593
-106 -367 -593
-107 -366 -594
-106 -361 -600
-111 -366 -594
-112 -363 -597
-112 -364 -596
-118 -365 -591
-113 -367 -598
-119 -366 -595
-123 -362 -596
-120 -356 -603
-129 -361 -594
-127 -358 -601
-134 -364 -597
-139 -361 -594
-140 -354 -602
-145 -362 -597
-153 -358 -598
-153 -356 -605
-162 -358 -597
-162 -355 -600
-170 -357 -596
-176 -358 -597
-177 -352 -603
-183 -356 -598
-187 -355 -601
-191 -348 -598
-201 -355 -594
-201 -347 -600
-208 -351 -596
-209 -350 -599
-213 -344 -603
-216 -350 -592
-220 -346 -598
-221 -349 -593
-224 -349 -591
-226 -342 -599
-234 -346 -590
-237 -347 -593
-241 -344 -595
-248 -347 -587
-250 -338 -589
-259 -342 -587
-263 -342 -586
-263 -333 -589
-270 -346 -583
-272 -343 -582
-280 -339 -580
-281 -345 -575
-283 -336 -582
-287 -340 -576
-291 -338 -576
-296 -334 -577
-298 -341 -568
-302 -339 -576
-308 -337 -573
-310 -335 -569
-318 -328 -574
-323 -331 -567
-331 -327 -563
-337 -327 -560
-347 -331 -549
-351 -325 -557
-358 -327 -549
-363 -323 -545
-372 -318 -549
-377 -326 -538
-381 -320 -536
-387 -322 -531
-385 -324 -528
-392 -314 -535
-397 -320 -524
-398 -320 -525
-402 -316 -525
-399 -322 -520
-404 -315 -526
-408 -317 -522
-405 -315 -522
-406 -313 -524
-409 -318 -517
-409 -314 -521
-408 -315 -517
-411 -319 -511
-414 -313 -519
-413 -317 -508
-418 -315 -513
-422 -314 -511
-419 -317 -501
-427 -313 -506
-430 -317 -499
-432 -313 -497
-436 -309 -498
-437 -316 -489
-442 -311 -487
-444 -312 -491
-447 -316 -479
-452 -308 -486
-454 -311 -477
-458 -310 -476
-465 -304 -476
-465 -313 -465
-469 -306 -465
-471 -308 -457
-472 -308 -453
-480 -303 -454
-479 -311 -444
-477 -307 -446
-480 -307 -444
-481 -314 -436
-485 -304 -441
-484 -309 -434
-491 -307 -434
-489 -302 -437
-491 -308 -424
-494 -307 -430
-494 -306 -420
-497 -307 -415
-503 -301 -417
-504 -309 -408
-506 -303 -407
-509 -301 -403
-507 -313 -396
-511 -304 -397
-510 -306 -388
-514 -307 -389
-520 -300 -389
-518 -306 -382
-520 -303 -377
-524 -305 -373
-524 -310 -365
-526 -302 -363
-529 -307 -356
-529 -307 -351
-531 -301 -351
-529 -309 -340
-537 -305 -337
-535 -307 -330
-536 -308 -323
-543 -304 -324
-540 -313 -315
-545 -307 -311
-547 -304 -306
-541 -314 -296
-547 -305 -297
-545 -310 -290
-549 -307 -286
-551 -302 -286
-544 -315 -280
-548 -305 -276
-552 -311 -269
-549 -315 -263
-555 -305 -260
-552 -313 -252
-556 -311 -250
-556 -308 -242
-551 -314 -235
-560 -307 -234
-560 -310 -223
-558 -312 -222
-564 -304 -218
-561 -310 -212
-560 -310 -210
-560 -311 -202
-554 -316 -194
-560 -310 -190
-558 -313 -186
-556 -313 -177
-565 -308 -173
-556 -319 -167
-559 -311 -161
-554 -315 -158
-553 -319 -150
-558 -311 -146
-554 -317 -139
-559 -315 -136
-560 -316 -133
-552 -322 -125
-554 -315 -123
-552 -318 -116
-552 -320 -112
-554 -315 -108
-548 -319 -104
-553 -317 -101
-551 -315 -97
-543 -320 -92
-551 -311 -86
-548 -315 -80
-552 -313 -77
-554 -311 -70
-548 -316 -74
-550 -313 -66
-547 -315 -62
-541 -321 -58
-549 -308 -53
-541 -320 -52
-545 -317 -44
-540 -317 -39
-536 -323 -37
-538 -319 -33
-534 -321 -25
-532 -324 -19
-532 -314 -14
-525 -324 -8
-524 -321 1
-519 -322 6
-513 -327 13
-517 -319 21
-509 -326 27
-507 -323 33
-506 -322 39
-496 -333 45
-497 -327 50
-489 -331 55
-484 -332 59
-490 -326 66
-478 -330 74
-477 -329 80
-477 -326 83
-468 -337 86
-470 -329 95
-466 -330 94
-463 -333 101
-462 -329 103
-451 -339 103
-450 -335 113
-443 -339 107
-440 -341 115
-440 -334 123
-432 -341 122
-428 -339 129
-429 -338 134
-419 -346 135
-421 -339 139
-417 -344 144
-412 -343 146
-414 -337 154
-405 -346 147
-405 -344 152
-401 -345 154
-392 -353 152
-399 