Returned byte 0x48
Returned byte 0x34
Returned byte 0x33
357 -256 -600
390 -257 -566
420 -261 -523
447 -263 -475
473 -268 -418
494 -266 -363
509 -266 -312
519 -264 -273
530 -256 -247
533 -249 -242
541 -243 -231
547 -237 -207
549 -237 -182
548 -231 -161
550 -230 -153
551 -227 -148
547 -234 -141
552 -231 -131
551 -222 -118
559 -215 -110
568 -195 -97
565 -182 -79
564 -172 -7
541 -171 80
509 -176 148
488 -186 181
467 -204 198
455 -221 199
457 -235 175
471 -238 145
466 -236 158
446 -231 200
421 -224 243
398 -215 273
391 -204 288
383 -201 300
376 -194 311
370 -184 321
358 -186 338
338 -188 348
312 -185 374
282 -172 406
251 -155 430
214 -138 460
182 -120 484
156 -108 498
139 -100 506
127 -90 512
114 -84 519
100 -73 524
84 -66 528
60 -61 536
37 -66 538
12 -74 542
-14 -90 542
-26 -105 539
-40 -113 537
-43 -112 534
-51 -104 536
-59 -98 538
-59 -92 539
-66 -94 537
-64 -99 537
-53 -110 531
-51 -128 528
-38 -142 516
-34 -163 512
-28 -174 503
-9 -183 494
5 -198 489
29 -204 480
53 -204 471
66 -211 465
124 -177 460
171 -162 449
197 -163 434
217 -156 424
239 -151 421
256 -138 411
273 -129 405
285 -122 399
306 -96 392
314 -76 392
325 -51 388
331 -23 386
339 -4 388
344 21 387
352 41 377
357 65 374
361 87 363
359 109 367
355 134 368
345 163 367
340 196 366
334 233 355
323 268 346
314 301 336
305 329 319
313 317 327
326 302 318
339 298 309
341 304 303
351 305 288
359 305 282
370 308 258
391 306 231
407 296 216
417 284 203
428 266 191
447 248 178
463 221 157
474 197 146
492 167 132
502 135 113
514 107 94
516 77 69
523 46 51
527 20 36
525 -11 18
526 -34 6
535 -19 -19
539 -11 -29
543 5 -47
546 16 -69
551 34 -88
552 47 -114
553 65 -141
558 81 -155
551 99 -176
555 116 -185
552 134 -191
545 154 -198
547 173 -198
547 172 -198
543 179 -187
545 193 -186
542 205 -197
535 220 -200
530 235 -202
526 245 -206
523 259 -205
517 276 -205
510 298 -202
500 323 -192
490 337 -186
482 362 -180
468 381 -176
457 396 -172
448 415 -159
439 426 -157
425 441 -154
416 456 -141
402 470 -139
407 464 -138
413 461 -141
412 458 -140
418 453 -146
420 444 -156
424 446 -151
418 444 -157
419 446 -167
415 452 -171
413 453 -179
410 463 -191
409 462 -195
408 455 -216
405 459 -242
393 470 -252
383 479 -265
376 488 -277
366 490 -286
354 501 -292
346 507 -302
340 510 -311
333 518 -313
326 518 -318
315 525 -327
303 531 -333
281 544 -351
262 553 -362
239 562 -378
206 577 -392
155 599 -398
106 617 -399
54 633 -397
11 642 -398
-26 644 -401
-69 653 -401
-89 650 -407
-124 647 -419
-148 645 -421
-190 644 -414
-221 638 -413
-240 634 -416
-259 629 -414
-275 629 -408
-292 625 -399
-309 625 -395
-325 620 -394
-336 614 -391
-356 609 -391
-370 601 -391
-392 598 -384
-417 587 -370
-435 581 -357
-462 570 -342
-481 563 -332
-495 552 -327
-511 545 -324
-528 530 -321
-549 515 -308
-573 496 -291
-596 480 -279
-615 458 -257
-635 435 -237
-654 410 -219
-681 378 -187
-700 336 -150
-714 302 -122
-726 268 -94
-729 244 -76
-733 230 -67
-741 206 -68
-744 188 -82
-746 174 -97
-752 155 -120
-755 134 -127
-754 113 -138
-756 87 -145
-753 55 -154
-750 19 -165
-741 -20 -175
-734 -60 -182
-720 -97 -184
-704 -135 -183
-691 -169 -187
-674 -198 -196
-655 -225 -200
-641 -249 -212
-619 -276 -220
-597 -304 -226
-577 -326 -230
-558 -343 -226
-544 -360 -217
-529 -374 -201
-513 -388 -180
-503 -398 -160
-488 -410 -135
-475 -420 -108
-459 -425 -81
-445 -433 -49
-426 -435 -19
-409 -440 17
-385 -436 56
-362 -434 96
-342 -431 138
-316 -421 177
-292 -406 218
-269 -387 261
-245 -365 299
-225 -341 335
-201 -326 360
-174 -315 379
-152 -303 394
-126 -294 403
-103 -279 416
-83 -262 430
-67 -245 441
-44 -223 456
-26 -211 460
-9 -205 460
9 -209 460
19 -216 452
31 -238 441
50 -255 420
81 -275 400
115 -273 391
144 -265 380
163 -251 386
172 -239 392
184 -222 391
190 -217 392
203 -208 390
226 -204 378
244 -196 373
269 -184 360
285 -171 356
294 -147 364
301 -123 369
303 -106 376
305 -96 377
314 -100 369
321 -106 363
322 -116 354
316 -117 362
310 -107 373
316 -99 366
331 -90 364
346 -82 345
360 -75 335
380 -70 315
402 -79 289
425 -97 253
453 -113 203
472 -125 161
489 -131 133
493 -128 126
490 -117 137
491 -111 156
482 -100 174
480 -86 185
484 -69 182
491 -48 184
492 -23 185
495 -17 178
501 -21 175
512 -20 155
512 -10 156
510 -1 167
511 3 171
507 6 185
501 6 198
491 3 214
482 1 234
474 -2 247
458 -4 267
443 -12 290
422 -24 313
396 -38 342
371 -49 361
344 -73 382
318 -82 407
294 -93 416
275 -107 427
268 -109 433
255 -110 443
242 -113 446
238 -106 449
231 -108 455
229 -107 456
227 -106 455
223 -111 457
225 -108 457
226 -109 456
232 -113 454
242 -108 445
249 -113 443
265 -112 434
290 -105 412
327 -99 390
372 -73 351
415 -50 315
457 -10 267
497 39 215
528 82 160
538 75 135
560 93 78
578 106 18
584 124 -31
588 143 -73
589 162 -109
585 171 -128
592 179 -153
583 195 -185
582 203 -212
574 216 -244
568 231 -264
562 236 -290
551 250 -322
543 250 -358
536 238 -397
523 228 -434
511 209 -480
491 193 -525
469 184 -564
443 172 -598
421 160 -635
397 149 -661
377 136 -682
352 128 -703
317 112 -738
267 112 -765
216 116 -796
160 124 -818
84 144 -845
-10 153 -861
-104 166 -868
-185 174 -852
-250 178 -842
-294 184 -828
-333 182 -809
-371 178 -796
-410 176 -775
-450 165 -753
-481 154 -730
-520 134 -701
-558 108 -671
-592 74 -631
-623 31 -590
-645 -13 -546
-661 -63 -496
-667 -120 -449
-661 -165 -404
-651 -220 -355
-629 -264 -314
-613 -299 -276
-586 -334 -244
-562 -360 -217
-539 -380 -190
-511 -402 -163
-491 -417 -140
-461 -433 -111
-437 -447 -88
-419 -451 -66
-389 -462 -48
-368 -469 -31
-349 -475 -10
-329 -477 7
-312 -483 23
-287 -487 30
-258 -494 33
-234 -495 38
-200 -501 44
-175 -503 54
-148 -504 56
-120 -506 57
-95 -504 69
-69 -501 70
-44 -496 81
-29 -491 90
-17 -490 107
-10 -479 123
-13 -476 139
-12 -457 169
-4 -444 196
1 -444 202
-8 -436 217
6 -428 229
51 -427 220
80 -429 202
90 -437 183
100 -442 172
113 -446 156
121 -455 136
134 -464 111
143 -472 91
149 -473 71
161 -476 65
160 -479 51
165 -479 47
167 -480 44
162 -484 44
164 -487 41
160 -489 33
154 -489 29
152 -495 28
139 -501 24
133 -502 23
122 -511 20
110 -513 25
104 -508 25
94 -518 29
92 -519 27
96 -519 21
91 -521 19
95 -521 22
86 -524 26
72 -522 36
67 -522 44
52 -523 53
47 -525 63
38 -522 71
27 -520 82
15 -520 96
-4 -513 113
-5 -514 118
-2 -511 120
1 -513 120
5 -511 118
4 -512 112
7 -514 109
17 -515 98
26 -516 96
29 -511 87
31 -514 87
20 -510 98
14 -512 104
-4 -506 120
-20 -504 132
-40 -499 140
-64 -498 149
-81 -499 144
-101 -497 150
-125 -499 151
-148 -492 148
-171 -490 152
-192 -486 154
-213 -478 153
-234 -478 154
-245 -475 152
-266 -471 147
-281 -469 141
-295 -470 126
-311 -472 112
-320 -474 85
-333 -479 58
-347 -482 28
-352 -481 0
-371 -479 -15
-387 -469 -26
-408 -461 -36
-426 -452 -42
-446 -441 -49
-464 -430 -55
-482 -421 -57
-494 -410 -59
-506 -398 -52
-524 -383 -48
-537 -370 -44
-555 -355 -43
-568 -342 -44
-585 -325 -50
-605 -306 -56
-622 -286 -66
-639 -265 -68
-653 -243 -77
-672 -218 -83
-683 -195 -86
-697 -171 -94
-707 -151 -103
-718 -127 -108
-726 -107 -124
-739 -76 -135
-744 -52 -153
-751 -22 -172
-752 5 -189
-753 32 -210
-756 55 -226
-754 77 -242
-751 101 -262
-751 131 -279
-741 150 -297
-736 174 -316
-727 195 -335
-720 214 -346
-712 232 -359
-702 251 -372
-689 275 -388
-680 290 -400
-670 298 -415
-658 311 -427
-645 324 -441
-632 335 -459
-619 347 -473
-602 359 -486
-586 368 -503
-570 377 -518
-555 383 -529
-538 393 -542
-521 398 -557
-500 402 -576
-485 409 -587
-465 409 -606
-450 410 -617
-434 411 -626
-417 408 -635
-406 411 -644
-398 410 -653
-382 412 -661
-371 411 -669
-359 408 -677
-344 413 -679
-333 407 -689
-320 411 -693
-310 408 -699
-295 404 -706
-280 405 -716
-261 406 -723
-248 396 -728
-233 391 -732
-217 388 -737
-207 386 -743
-193 383 -746
-181 377 -750
-167 370 -756
-155 371 -757
-151 361 -763
-147 359 -765
-148 350 -772
-142 348 -772
-135 345 -779
-122 330 -781
-111 320 -785
-94 314 -790
-81 301 -794
-64 295 -798
-48 282 -799
-31 269 -807
-15 254 -806
-3 245 -808
10 238 -809
12 230 -810
18 222 -812
21 216 -813
22 207 -811
26 202 -815
25 190 -817
31 182 -818
33 176 -818
39 163 -823
39 152 -823
47 140 -824
47 128 -825
53 124 -823
60 113 -822
67 99 -823
76 82 -823
78 68 -817
91 51 -814
95 38 -814
100 23 -813
105 6 -810
108 -13 -806
112 -33 -798
113 -51 -797
110 -67 -794
112 -82 -792
107 -94 -788
107 -109 -781
109 -128 -775
105 -143 -768
106 -165 -760
100 -184 -757
94 -200 -746
86 -217 -739
76 -236 -734
67 -256 -725
52 -270 -715
40 -286 -709
27 -300 -702
10 -312 -694
-13 -323 -688
-35 -334 -679
-56 -340 -677
-81 -348 -673
-100 -346 -670
-120 -349 -669
-135 -346 -671
-152 -342 -673
-166 -340 -675
-182 -336 -676
-202 -330 -678
-220 -329 -675
-231 -318 -682
-240 -316 -678
-255 -309 -684
-268 -295 -690
-292 -288 -684
-323 -270 -686
-354 -250 -685
-387 -232 -683
-418 -210 -679
-441 -193 -672
-461 -178 -667
-472 -165 -669
-475 -151 -676
-479 -135 -679
-486 -122 -677
-497 -109 -679
-502 -90 -679
-505 -78 -682
-511 -58 -683
-519 -41 -682
-527 -33 -679
-531 -12 -678
-541 2 -671
-549 16 -668
-558 33 -660
-568 47 -657
-572 62 -646
-585 80 -638
-594 98 -626
-604 118 -612
-617 133 -601
-625 154 -586
-639 165 -568
-653 177 -541
-666 192 -517
-679 198 -492
-686 213 -469
-698 220 -439
-710 226 -411
-721 236 -387
-725 245 -364
-731 252 -350
-730 268 -333
-733 275 -314
-734 282 -294
-734 288 -275
-739 292 -257
-744 284 -236
-750 277 -212
-753 265 -188
-757 254 -162
-766 235 -135
-769 216 -107
-770 191 -78
-772 170 -52
-769 149 -24
-769 126 3
-765 106 27
-759 89 52
-751 63 73
-742 47 93
-734 23 114
-728 -7 134
-710 -27 151
-700 -46 169
-685 -60 180
-669 -87 196
-654 -111 216
-634 -132 233
-611 -157 246
-586 -184 261
-565 -198 273
-557 -208 276
-539 -224 281
-512 -242 293
-497 -254 300
-477 -260 310
-454 -270 319
-436 -277 333
-415 -283 340
-389 -293 350
-366 -296 362
-343 -295 373
-324 -296 380
-304 -295 387
-278 -302 395
-251 -304 401
-234 -307 404
-208 -314 404
-177 -316 409
-193 -314 406
-249 -302 407
-221 -312 400
-191 -330 396
-169 -341 388
-176 -347 380
-160 -363 369
-142 -371 358
-131 -390 342
-131 -407 322
-101 -440 284
-82 -466 235
-74 -485 205
-74 -502 171
-68 -516 130
-62 -530 93
-64 -545 45
-59 -555 2
-60 -564 -42
-61 -570 -88
-60 -569 -127
-65 -569 -174
-67 -568 -216
-68 -566 -257
-69 -561 -306
-70 -549 -342
-68 -540 -378
-65 -525 -422
-61 -514 -453
-61 -498 -492
-58 -480 -522
-51 -461 -558
-51 -438 -594
-50 -417 -616
-46 -395 -646
-53 -373 -672
-51 -354 -693
-64 -333 -713
-73 -312 -727
-84 -288 -746
-101 -269 -761
-115 -244 -773
-123 -218 -789
-139 -190 -802
-149 -162 -812
-164 -130 -823
-177 -103 -832
-188 -75 -839
-199 -52 -843
-210 -30 -845
-222 -1 -847
-229 27 -846
-244 53 -846
-259 80 -845
-270 104 -839
-296 133 -827
-325 152 -818
-354 170 -803
-388 190 -778
-419 204 -756
-455 217 -737
-490 228 -706
-521 238 -678
-553 245 -648
-578 251 -614
-601 259 -585
-623 265 -546
-647 253 -514
-670 256 -479
-693 258 -429
-710 255 -381
-727 255 -339
-736 254 -297
-743 251 -257
-749 243 -209
-751 242 -170
-752 240 -129
-750 242 -92
-745 239 -56
-740 242 -17
-734 249 9
-722 245 45
-714 245 83
-702 250 109
-688 247 140
-674 253 171
-658 253 194
-640 253 233
-618 266 251
-594 286 282
-567 305 302
-538 322 319
-507 330 347
-475 345 363
-447 356 380
-417 361 396
-387 371 406
-355 376 420
-323 378 431
-292 383 441
-255 366 463
-223 348 476
-219 310 498
-251 245 512
-357 156 497
-358 229 484
-296 268 492
-284 209 514
-272 162 526
-261 147 531
-264 131 533
-269 110 533
-271 96 532
-271 67 535
-280 40 532
-286 1 526
-291 -37 520
-290 -71 511
-286 -108 500
-281 -138 490
-285 -166 476
-280 -202 461
-268 -229 448
-255 -253 433
-242 -280 423
-224 -301 409
-214 -326 388
-195 -343 373
-187 -362 358
-182 -387 336
-174 -403 318
-170 -423 291
-167 -440 261
-161 -458 233
-162 -479 201
-153 -494 165
-152 -512 130
-147 -529 86
-142 -539 52
-138 -549 12
-143 -554 -33
-137 -556 -68
-143 -563 -109
-154 -564 -133
-186 -560 -150
-217 -554 -156
-237 -549 -171
-242 -549 -207
-224 -548 -246
-222 -542 -281
-232 -536 -306
-237 -529 -330
-243 -522 -362
-257 -509 -390
-271 -495 -414
-280 -484 -438
-289 -475 -453
-296 -463 -470
-306 -446 -499
-314 -429 -523
-320 -400 -564
-324 -377 -595
-326 -353 -617
-326 -330 -645
-334 -307 -659
-336 -289 -677
-337 -271 -689
-337 -254 -705
-328 -232 -720
-324 -211 -733
-317 -195 -748
-305 -174 -763
-294 -165 -770
-284 -148 -783
-270 -139 -788
-258 -135 -796
-244 -127 -804
-233 -129 -803
-221 -132 -805
-205 -132 -801
-198 -141 -802
-186 -158 -798
-195 -177 -783
-207 -203 -767
-225 -226 -752
-254 -239 -733
-277 -242 -718
-308 -241 -709
-332 -236 -701
-354 -227 -699
-374 -207 -698
-392 -192 -698
-411 -171 -702
-423 -152 -707
-431 -132 -708
-436 -109 -718
-440 -90 -722
-446 -68 -726
-445 -44 -728
-452 -28 -733
-451 -8 -738
-447 10 -743
-447 27 -743
-446 42 -744
-452 53 -744
-454 70 -744
-456 83 -739
-469 90 -733
-478 101 -728
-496 99 -709
-513 105 -699
-529 112 -683
-551 116 -659
-571 121 -637
-595 119 -611
-623 116 -580
-640 119 -549
-664 118 -520
-678 115 -487
-690 112 -454
-707 112 -424
-716 110 -391
-724 101 -361
-737 96 -328
-739 88 -302
-748 82 -275
-751 67 -253
-750 48 -233
-752 27 -209
-749 10 -197
-749 -10 -186
-744 -26 -184
-741 -47 -185
-736 -57 -183
-737 -70 -185
-733 -87 -190
-728 -103 -194
-717 -121 -202
-712 -145 -205
-700 -171 -204
-683 -200 -206
-673 -222 -216
-659 -240 -236
-651 -253 -257
-637 -270 -270
-623 -283 -281
-610 -303 -283
-590 -325 -282
-572 -346 -275
-555 -365 -263
-539 -388 -250
-519 -406 -233
-498 -423 -222
-474 -439 -219
-453 -456 -218
-423 -470 -218
-401 -484 -219
-375 -498 -221
-351 -508 -220
-331 -516 -215
-310 -524 -208
-286 -532 -197
-268 -541 -181
-245 -546 -170
-224 -551 -143
-203 -554 -107
-185 -549 -63
-169 -545 -10
-159 -536 36
-143 -529 68
-121 -527 85
-82 -524 88
-47 -521 91
-17 -520 98
15 -513 100
50 -503 100
84 -495 101
110 -486 113
125 -471 137
153 -450 151
186 -436 154
221 -415 149
241 -405 153
256 -391 158
278 -378 155
297 -362 154
314 -347 155
332 -330 154
353 -314 150
376 -292 137
402 -270 125
419 -248 115
440 -225 103
456 -203 95
471 -181 90
480 -162 76
492 -140 74
501 -118 68
507 -98 66
519 -70 65
524 -36 46
535 -10 42
539 30 31
543 65 26
539 101 39
531 136 47
516 173 67
503 204 93
473 240 129
442 278 170
412 310 191
388 343 198
376 376 185
361 404 163
343 437 160
318 464 154
297 488 147
272 514 145
245 529 139
221 549 137
194 567 138
173 577 130
156 591 124
149 602 112
153 599 109
139 603 118
138 600 119
137 599 116
119 617 105
25 660 56
-2 677 11
-28 686 -39
-50 699 -86
-72 702 -128
-94 703 -165
-127 704 -192
-155 700 -223
-182 696 -251
-219 689 -282
-249 676 -312
-282 661 -346
-288 643 -396
-286 627 -445
-306 611 -471
-337 598 -474
-365 587 -470
-399 576 -474
-418 561 -473
-446 550 -468
-476 535 -458
-497 517 -461
-507 496 -480
-513 475 -514
-514 448 -537
-516 425 -562
-514 397 -590
-514 367 -617
-501 339 -648
-486 302 -683
-467 269 -716
-439 235 -746
-410 204 -773
-389 172 -788
-366 145 -806
-348 115 -818
-323 92 -826
-303 65 -834
-283 41 -841
-258 19 -845
-238 -5 -849
-213 -25 -853
-186 -49 -852
-159 -63 -852
-134 -76 -849
-105 -96 -849
-83 -110 -843
-52 -125 -835
-32 -142 -828
-2 -152 -820
29 -168 -809
52 -184 -800
82 -195 -783
111 -216 -764
142 -235 -739
176 -249 -715
204 -266 -687
229 -275 -661
252 -287 -637
278 -284 -620
305 -269 -604
326 -262 -592
351 -262 -565
366 -271 -530
379 -290 -489
393 -307 -439
406 -317 -395
417 -315 -363
435 -310 -334
443 -308 -300
452 -299 -266
463 -298 -231
469 -296 -192
471 -289 -152
475 -284 -114
476 -271 -76
477 -258 -37
475 -249 0
473 -235 37
475 -217 62
489 -201 63
499 -178 46
513 -160 36
519 -146 35
522 -131 39
521 -123 60
513 -115 88
498 -105 143
472 -93 194
455 -81 230
438 -75 264
428 -64 278
422 -55 290
420 -55 297
421 -45 294
423 -41 300
417 -33 305
411 -26 308
410 -21 324
409 -13 323
408 -12 328
411 -6 329
413 2 323
419 2 313
432 1 299
445 -6 282
460 -11 265
475 -13 235
494 -21 203
512 -26 168
530 -29 122
549 -39 74
564 -41 9
581 -40 -61
589 -37 -138
584 -25 -228
574 -8 -329
543 16 -436
488 42 -548
412 58 -655
311 73 -746
219 78 -805
161 78 -829
131 90 -839
94 98 -850
41 107 -861
-24 107 -872
-85 103 -875
-145 100 -874
-200 91 -865
-255 82 -854
-313 79 -836
-373 61 -811
-427 41 -780
-478 23 -746
-525 7 -703
-572 -10 -650
-617 -32 -595
-656 -51 -533
-687 -69 -469
-710 -84 -410
-727 -92 -336
-737 -114 -253
-739 -138 -155
-725 -151 -61
-709 -151 17
-697 -128 80
-696 -95 120
-697 -71 141
-690 -47 170
-671 -37 208
-643 -22 265
-597 -8 324
-550 5 382
-490 25 433
-437 45 471
-387 69 504
-340 103 518
-297 129 532
-252 160 540
-209 178 547
-167 195 553
-117 209 548
-51 216 545
-3 216 535
44 212 528
87 204 519
121 193 505
155 179 498
188 158 485
219 133 474
247 105 461
271 79 443
297 53 425
317 21 411
327 -11 395
322 -47 394
318 -81 388
301 -118 388
281 -161 384
270 -198 372
251 -238 361
236 -274 346
217 -308 327
195 -346 307
172 -373 291
139 -400 272
109 -427 250
80 -455 223
46 -490 179
12 -520 127
-20 -537 78
-53 -552 28
-80 -566 -20
-108 -570 -67
-133 -572 -114
-156 -570 -150
-177 -567 -190
-206 -561 -211
-241 -553 -224
-286 -540 -216
-309 -529 -256
-325 -507 -334
-334 -477 -415
-356 -441 -471
-384 -406 -501
-413 -384 -513
-443 -362 -507
-473 -341 -503
-501 -326 -491
-531 -304 -478
-556 -288 -460
-581 -270 -435
-605 -255 -408
-624 -242 -379
-643 -231 -351
-657 -215 -329
-670 -204 -311
-680 -185 -298
-689 -168 -291
-697 -149 -288
-710 -126 -286
-712 -108 -291
-722 -83 -298
-725 -64 -296
-731 -45 -289
-735 -38 -284
-734 -29 -291
-734 -14 -293
-734 -6 -294
-734 9 -299
-738 24 -286
-744 40 -266
-744 53 -228
-749 58 -174
-748 68 -128
-744 78 -77
-739 93 -30
-735 176 -50
-741 174 -72
-736 199 -100
-733 239 -121
-720 283 -152
-708 312 -176
-695 342 -194
-676 371 -212
-659 395 -233
-642 424 -257
-617 446 -285
-591 471 -310
-563 491 -338
-536 507 -356
-512 528 -369
-491 539 -375
-475 555 -372
-464 567 -360
-451 578 -350
-435 590 -343
-403 611 -343
-365 629 -343
-348 639 -329
-318 654 -306
-294 665 -288
-294 669 -254
-328 667 -199
-336 669 -126
-363 654 -59
-361 645 -5
-380 632 40
-380 612 86
-381 590 154
-355 586 187
-345 583 197
-330 583 209
-311 584 222
-304 583 232
-298 574 249
-299 560 271
-312 537 294
-334 503 326
-358 447 371
-369 406 403
-372 377 423
-382 357 430
-385 330 448
-394 286 461
-405 231 474
-414 186 482
-418 125 492
-415 71 493
-374 -10 505
-343 -79 502
-297 -147 493
-257 -199 479
-226 -241 463
-202 -270 446
-205 -286 430
-222 -296 419
-245 -305 407
-280 -309 395
-313 -309 379
-344 -308 369
-376 -304 351
-392 -308 340
-411 -313 321
-423 -325 304
-430 -335 278
-443 -343 259
-452 -354 236
-472 -363 208
-482 -371 175
-491 -381 145
-506 -382 115
-511 -403 58
-516 -414 -2
-526 -415 -42
-532 -420 -82
-540 -411 -133
-546 -407 -180
-549 -400 -222
-561 -382 -267
-566 -372 -300
-572 -352 -336
-581 -331 -371
-581 -314 -401
-582 -294 -438
-574 -276 -470
-567 -263 -500
-556 -251 -532
-538 -236 -555
-525 -224 -584
-510 -212 -612
-493 -201 -629
-475 -186 -661
-457 -176 -682
-433 -160 -702
-412 -147 -723
-390 -138 -739
-357 -132 -757
-326 -127 -771
-301 -125 -780
-269 -132 -784
-241 -147 -786
-210 -165 -785
-184 -190 -775
-165 -217 -762
-154 -250 -737
-171 -291 -705
-214 -327 -659
-266 -354 -608
-293 -373 -569
-306 -386 -546
-315 -394 -525
-326 -400 -504
-338 -412 -475
-347 -420 -446
-357 -430 -417
-364 -435 -386
-373 -438 -359
-383 -444 -332
-399 -443 -299
-407 -442 -268
-425 -439 -232
-443 -431 -200
-458 -422 -162
-474 -411 -129
-491 -393 -101
-513 -375 -73
-534 -351 -46
-554 -325 -20
-576 -297 6
-592 -270 26
-608 -237 54
-623 -203 76
-633 -167 95
-642 -140 121
-646 -115 135
-647 -92 153
-646 -68 172
-644 -54 184
-640 -39 194
-639 -32 203
-636 -26 208
-633 -17 218
-632 -18 221
-629 -17 225
-626 -18 227
-625 -21 226
-626 -26 228
-623 -33 225
-622 -43 220
-622 -55 219
-618 -69 213
-616 -86 211
-611 -107 206
-604 -136 190
-599 -168 173
-597 -194 152
-592 -215 128
-588 -236 110
-576 -257 91
-571 -278 73
-558 -298 46
-548 -317 28
-539 -333 15
-522 -353 -11
-511 -371 -30
-494 -384 -60
-483 -397 -90
-468 -413 -112
-453 -421 -141
-436 -435 -173
-420 -446 -204
-403 -449 -224
-388 -459 -234
-372 -465 -235
-353 -475 -235
-343 -484 -219
-324 -491 -196
-310 -499 -178
-292 -507 -155
-269 -512 -134
-253 -517 -102
-233 -520 -75
-215 -521 -40
-197 -518 -4
-181 -510 31
-164 -503 71
-146 -496 101
-129 -482 132
-114 -465 179
-98 -446 218
-92 -410 272
-98 -373 324
-108 -323 377
-128 -265 426
-135 -241 449
-113 -252 436
-81 -273 421
-56 -277 414
-53 -273 420
-64 -265 431
-72 -257 435
-78 -251 444
-82 -250 443
-96 -247 453
-113 -238 461
-129 -215 466
-155 -192 482
-169 -191 483
-171 -197 475
-176 -212 471
-168 -224 467
-158 -230 464
-142 -235 465
-123 -231 464
-107 -223 471
-90 -208 479
-72 -192 488
-46 -176 492
-16 -139 505
-11 -108 518
-2 -85 520
30 -76 515
65 -76 509
95 -65 501
107 -41 504
108 -11 507
127 8 502
130 31 507
114 75 510
99 110 515
82 139 517
66 177 511
51 212 513
34 247 502
20 275 497
13 290 495
3 302 489
-3 307 488
-10 313 481
-14 324 478
-27 335 478
-44 359 464
-68 380 451
-90 411 435
-123 438 413
-151 451 401
-172 459 389
-191 467 377
-202 479 372
-211 485 359
-218 488 357
-224 489 351
-232 491 343
-236 499 340
-244 506 327
-257 514 315
-268 522 302
-284 533 279
-295 542 260
-307 550 241
-316 558 229
-321 566 218
-324 572 201
-328 578 190
-333 585 177
-338 589 165
-345 593 157
-346 590 152
-353 589 147
-350 597 146
-341 603 139
-333 608 140
-336 607 141
-326 614 132
-316 623 124
-314 624 121
-313 630 118
-306 634 112
-299 637 110
-292 641 107
-289 640 105
-288 643 105
-284 649 99
-285 652 88
-283 657 79
-287 661 73
-294 661 65
-303 663 58
-312 662 49
-321 663 43
-327 661 37
-341 662 22
-343 663 10
-354 664 0
-365 659 -5
-369 660 -16
-379 659 -22
-390 659 -39
-405 653 -54
-421 649 -74
-448 638 -86
-469 629 -97
-490 616 -108
-510 605 -115
-531 591 -122
-552 576 -130
-573 560 -141
-591 542 -151
-613 525 -165
-631 505 -182
-646 482 -202
-665 457 -230
-670 441 -262
-666 438 -296
-662 435 -323
-647 435 -355
-632 446 -388
-617 448 -413
-605 456 -435
-588 459 -462
-567 463 -480
-548 475 -498
-525 483 -513
-497 498 -526
-464 508 -551
-420 519 -575
-366 521 -606
-315 522 -634
-257 515 -657
-202 503 -690
-142 484 -715
-92 464 -729
-52 442 -744
-7 417 -754
34 391 -761
64 365 -769
93 342 -772
123 318 -773
144 313 -764
168 294 -764
189 284 -757
213 267 -749
238 244 -738
260 233 -733
276 220 -724
292 212 -715
301 205 -705
312 197 -701
325 195 -692
331 190 -686
341 182 -679
347 180 -672
353 172 -672
363 177 -662
361 183 -658
367 189 -653
376 189 -642
382 200 -631
390 212 -619
400 225 -600
417 237 -572
419 272 -555
409 313 -536
421 330 -502
436 335 -470
444 336 -444
458 341 -419
467 338 -393
475 332 -363
487 325 -335
499 314 -298
520 301 -260
523 280 -218
535 260 -177
539 235 -128
539 208 -89
538 179 -45
534 149 4
528 121 45
517 84 87
503 52 112
487 21 140
471 -15 162
451 -46 180
430 -82 203
403 -113 220
377 -144 243
353 -159 262
337 -165 273
326 -168 284
315 -171 290
309 -168 294
297 -167 307
293 -165 312
287 -165 322
275 -160 331
265 -159 338
251 -159 355
236 -156 365
218 -167 372
201 -178 383
194 -194 375
181 -213 372
175 -229 365
169 -246 356
155 -265 352
146 -279 343
139 -291 335
135 -306 332
127 -317 322
120 -328 318
114 -338 312
111 -349 303
102 -358 295
101 -370 282
94 -386 268
84 -400 252
77 -420 226
64 -440 200
50 -461 175
34 -478 152
14 -490 136
-2 -498 113
-18 -510 97
-28 -518 84
-39 -519 66
-51 -527 55
-60 -534 39
-65 -537 26
-70 -541 11
-67 -542 -1
-70 -549 -14
-69 -544 -22
-70 -550 -34
-72 -549 -48
-71 -554 -58
-74 -555 -73
-72 -557 -87
-70 -558 -100
-69 -560 -121
-62 -561 -134
-56 -560 -149
-54 -559 -167
-44 -556 -180
-40 -560 -194
-30 -559 -207
-17 -555 -215
-12 -555 -223
6 -553 -229
16 -553 -236
24 -553 -237
35 -545 -238
51 -546 -238
64 -544 -238
73 -540 -237
78 -543 -234
72 -542 -224
48 -549 -202
56 -548 -191
60 -543 -190
58 -546 -190
61 -545 -182
54 -549 -172
52 -551 -165
56 -548 -151
47 -546 -144
41 -547 -130
44 -550 -117
37 -549 -112
35 -547 -94
34 -548 -84
31 -546 -67
32 -542 -44
34 -541 -27
38 -530 -5
54 -526 20
70 -517 39
87 -500 75
96 -483 111
107 -460 157
119 -424 212
121 -388 265
114 -332 332
99 -269 395
89 -191 449
68 -110 489
44 -40 518
14 39 534
-18 118 537
-57 198 531
-94 279 507
-132 345 480
-159 393 447
-184 431 414
-200 454 398
-217 481 369
-224 498 348
-230 515 333
-235 527 313
-237 538 298
-245 558 267
-249 572 243
-245 583 225
-255 596 197
-257 606 181
-253 615 168
-260 622 145
-260 629 131
-259 637 108
-259 643 91
-258 650 78
-257 651 57
-256 659 40
-256 664 18
-259 666 -11
-262 673 -20
-265 675 -41
-265 677 -58
-269 679 -72
-281 678 -88
-290 678 -95
-306 674 -106
-322 669 -117
-342 668 -121
-364 653 -134
-388 650 -138
-418 639 -149
-449 623 -159
-480 609 -162
-511 588 -166
-544 568 -162
-573 544 -156
-600 515 -154
-624 494 -143
-645 466 -142
-670 438 -139
-691 410 -135
-705 382 -140
-725 350 -139
-736 323 -144
-748 299 -146
-758 282 -146
-765 253 -144
-770 235 -140
-775 215 -136
-779 193 -131
-783 176 -120
-784 153 -107
-788 140 -93
-789 127 -83
-784 109 -72
-785 98 -60
-783 90 -46
-783 75 -37
-781 70 -24
-778 62 -8
-773 57 6
-772 53 21
-766 46 30
-770 50 37
-766 43 48
-763 40 54
-762 38 61
-761 35 67
-760 39 65
-762 43 63
-761 44 60
-764 56 52
-766 53 50
-767 60 50
-768 66 46
-766 69 47
-765 79 48
-768 82 44
-772 86 39
-770 94 29
-771 93 24
-775 97 16
-777 97 8
-775 93 1
-778 95 -10
-777 96 -13
-779 97 -14
-781 94 -21
-780 94 -24
-783 90 -27
-783 91 -36
-783 88 -42
-784 89 -54
-784 85 -60
-786 86 -66
-786 91 -76
-786 87 -79
-786 100 -90
-790 104 -107
-786 116 -125
-785 125 -152
-783 134 -164
-784 150 -178
-781 162 -190
-778 173 -194
-774 192 -204
-774 201 -203
-769 211 -202
-769 224 -202
-767 229 -188
-768 236 -183
-762 244 -173
-757 254 -161
-762 258 -153
-756 263 -132
-753 271 -123
-747 278 -104
-744 285 -73
-741 293 -51
-732 295 -22
-725 291 7
-722 297 30
-712 308 50
-705 314 63
-699 319 75
-686 331 92
-679 337 102
-670 345 113
-662 356 121
-654 359 130
-644 369 143
-634 375 152
-621 386 163
-606 398 173
-597 409 180
-580 415 198
-567 417 208
-552 421 227
-536 428 243
-533 431 251
-514 439 260
-503 444 265
-500 444 277
-480 446 288
-475 447 296
-469 442 305
-464 439 313
-471 448 308
-465 460 298
-460 471 288
-460 478 284
-452 473 300
-453 457 316
-445 419 355
-436 379 391
-432 336 428
-408 271 461
-378 218 498
-337 177 517
-288 147 530
-260 144 541
-235 148 543
-225 168 542
-221 198 542
-206 214 533
-192 225 536
-173 214 538
-157 197 540
-142 169 546
-129 133 550
-119 100 551
-108 66 549
-104 30 541
-106 11 543
-120 -9 536
-140 -21 532
-163 -27 532
-187 -38 525
-214 -42 521
-236 -42 514
-265 -46 506
-296 -48 502
-334 -52 482
-365 -52 469
-404 -60 453
-432 -63 429
-462 -61 411
-490 -59 387
-514 -53 372
-533 -45 357
-549 -35 341
-562 -28 328
-572 -17 318
-585 -8 304
-597 6 297
-604 15 283
-612 26 280
-615 34 275
-620 43 267
-619 50 269
-620 59 264
-622 65 260
-622 70 265
-622 77 262
-622 81 264
-622 85 264
-626 89 256
-630 94 255
-627 99 253
-626 97 252
-628 93 256
-626 91 253
-628 93 248
-631 90 246
-635 92 241
-637 90 244
-637 91 241
-635 93 242
-635 102 247
-629 102 253
-618 105 266
-607 107 278
-597 106 293
-580 86 317
-565 72 332
-564 72 335
-568 79 331
-567 70 331
-547 41 352
-520 -1 369
-489 -48 382
-473 -93 385
-467 -127 369
-470 -151 358
-482 -153 345
-496 -142 336
-515 -145 327
-529 -136 312
-543 -137 302
-549 -134 297
-548 -138 296
-542 -147 301
-533 -156 306
-521 -177 309
-507 -204 306
-492 -221 305
-490 -249 291
-490 -263 271
-491 -279 256
-500 -285 245
-509 -278 237
-521 -279 229
-526 -283 215
-525 -290 209
-524 -306 194
-519 -319 186
-519 -327 169
-520 -345 149
-515 -353 128
-517 -371 99
-517 -384 73
-510 -392 59
-513 -399 39
-508 -406 19
-512 -411 0
-514 -418 -28
-508 -423 -50
-513 -424 -80
-511 -428 -112
-507 -429 -143
-516 -426 -180
-484 -449 -200
-455 -465 -210
-437 -475 -213
-428 -476 -231
-432 -469 -271
-429 -462 -301
-430 -454 -326
-434 -449 -352
-434 -441 -365
-442 -431 -385
-447 -415 -403
-454 -407 -413
-464 -396 -415
-475 -391 -409
-489 -377 -403
-504 -367 -404
-510 -359 -402
-525 -353 -402
-535 -341 -399
-528 -344 -405
-515 -342 -431
-509 -344 -437
-497 -348 -440
-496 -349 -442
-494 -344 -447
-505 -337 -447
-508 -328 -449
-522 -314 -460
-539 -295 -464
-548 -276 -473
-564 -251 -478
-572 -230 -490
-581 -211 -493
-594 -189 -503
-594 -166 -511
-601 -150 -520
-606 -133 -529
-606 -119 -531
-611 -106 -534
-615 -93 -534
-620 -82 -535
-626 -71 -533
-629 -59 -528
-633 -50 -525
-635 -42 -526
-637 -31 -527
-641 -15 -523
-641 -5 -527
-643 8 -530
-642 20 -530
-644 32 -533
-642 44 -536
-638 60 -540
-635 67 -546
-635 78 -547
-627 87 -554
-627 100 -563
-618 112 -568
-612 123 -576
-605 141 -580
-596 151 -589
-588 170 -598
-579 186 -604
-562 214 -614
-545 241 -625
-525 265 -636
-504 279 -646
-487 303 -648
-465 312 -659
-455 335 -656
-467 331 -651
-469 351 -634
-467 370 -624
-483 388 -602
-502 397 -568
-535 409 -528
-557 426 -479
-581 432 -430
-605 436 -381
-600 455 -343
-621 449 -302
-642 437 -245
-673 403 -176
-669 416 -142
-669 412 -113
-728 247 -6
-706 181 127
-662 125 226
-645 100 260
-634 88 274
-630 79 280
-618 57 293
-608 35 302
-607 15 304
-602 -7 299
-605 -28 296
-610 -51 286
-608 -78 270
-614 -100 248
-622 -130 221
-631 -154 188
-641 -182 148
-645 -197 118
-649 -210 77
-657 -221 36
-661 -230 -5
-667 -238 -63
-666 -249 -102
-666 -253 -155
-662 -253 -205
-657 -247 -245
-654 -244 -295
-646 -237 -341
-636 -226 -385
-626 -216 -425
-614 -209 -460
-599 -202 -488
-583 -198 -517
-567 -194 -541
-548 -184 -572
-530 -174 -598
-508 -165 -629
-484 -153 -657
-461 -141 -677
-434 -134 -697
-416 -130 -715
-390 -127 -733
-357 -125 -748
-329 -123 -760
-301 -123 -767
-271 -122 -778
-245 -126 -783
-219 -125 -790
-194 -126 -791
-175 -124 -796
-155 -121 -798
-135 -120 -800
-117 -114 -801
-95 -111 -802
-79 -105 -803
-61 -102 -804
-43 -99 -801
-21 -95 -802
0 -91 -802
15 -92 -790
39 -84 -786
58 -84 -783
85 -83 -779
103 -76 -774
119 -72 -764
138 -64 -760
150 -54 -757
163 -42 -751
183 -29 -746
195 -22 -736
212 -15 -730
225 -8 -724
240 -1 -715
252 1 -705
259 1 -698
264 -2 -693
276 -9 -685
280 -28 -678
281 -45 -672
280 -59 -668
277 -86 -661
276 -113 -655
268 -143 -642
269 -169 -627
275 -186 -612
279 -182 -611
285 -200 -590
298 -236 -552
297 -261 -517
300 -276 -500
298 -295 -478
299 -314 -444
302 -328 -416
306 -345 -377
320 -352 -335
327 -353 -280
337 -358 -221
345 -356 -162
336 -359 -95
334 -347 -52
338 -337 -17
328 -331 29
320 -324 69
313 -312 105
307 -303 129
314 -285 152
314 -270 178
314 -245 197
313 -225 224
315 -196 248
319 -176 262
315 -150 284
317 -126 295
317 -101 310
317 -76 323
322 -58 322
326 -33 328
330 0 332
343 25 326
354 59 317
368 89 307
371 125 298
373 162 294
375 192 287
376 222 271
380 247 262
379 271 245
385 293 227
393 308 206
403 321 182
412 327 154
428 327 130
443 323 99
462 318 60
481 308 27
496 293 -10
514 271 -47
526 241 -79
540 208 -106
548 169 -127
556 135 -141
559 93 -146
558 48 -152
555 5 -156
550 -45 -158
540 -93 -159
521 -143 -161
506 -192 -156
478 -238 -149
447 -290 -141
414 -333 -136
372 -375 -134
327 -412 -127
290 -437 -129
262 -457 -134
229 -477 -149
199 -493 -149
158 -507 -147
112 -523 -144
65 -537 -141
11 -547 -148
-35 -551 -159
-85 -554 -179
-131 -549 -203
-170 -543 -221
-210 -537 -245
-249 -526 -268
-284 -511 -289
-325 -499 -296
-365 -483 -294
-410 -461 -301
-442 -441 -319
-463 -419 -340
-485 -393 -371
-499 -373 -392
-516 -348 -417
-530 -318 -440
-544 -284 -475
-529 -244 -542
-509 -203 -595
-499 -174 -626
-498 -149 -645
-491 -119 -664
-486 -83 -681
-469 -54 -704
-447 -28 -729
-421 -6 -747
-389 13 -765
-359 22 -781
-321 33 -797
-282 34 -810
-239 32 -820
-193 21 -826
-153 1 -829
-105 -31 -823
-68 -81 -810
-38 -138 -783
-28 -198 -751
-27 -251 -714
-29 -297 -677
-32 -329 -649
-36 -358 -615
-53 -384 -580
-67 -404 -549
-84 -424 -518
-104 -442 -482
-129 -456 -448
-162 -468 -410
-195 -475 -377
-236 -476 -332
-279 -476 -295
-323 -465 -262
-369 -451 -225
-413 -429 -199
-451 -406 -177
-485 -387 -160
-514 -362 -153
-540 -338 -137
-564 -312 -129
-588 -286 -121
-614 -260 -108
-633 -228 -102
-650 -199 -89
-664 -176 -78
-677 -144 -72
-691 -112 -65
-702 -79 -64
-706 -51 -56
-714 -23 -50
-721 9 -55
-726 39 -48
-726 67 -51
-725 96 -39
-721 129 -28
-716 154 -19
-709 185 -6
-706 215 -3
-695 245 3
-689 273 10
-674 305 15
-662 326 16
-648 360 21
-634 383 17
-615 413 16
-595 445 7
-574 467 -4
-554 493 -14
-536 515 -24
-514 533 -35
-489 556 -39
-469 569 -48
-443 590 -57
-417 605 -73
-387 617 -87
-363 632 -93
-341 642 -110
-312 654 -123
-289 662 -134
-276 664 -146
-253 670 -150
-226 675 -154
-208 678 -160
-181 680 -165
-160 683 -175
-137 683 -182
-116 682 -191
-95 686 -196
-67 683 -202
-39 679 -210
-13 676 -218
16 669 -222
45 663 -221
82 654 -222
107 645 -220
142 634 -214
180 618 -201
210 606 -189
243 583 -171
282 558 -149
298 547 -100
315 520 -9
316 486 84
313 438 168
312 388 244
311 336 287
320 281 317
335 226 328
352 185 324
346 125 347
324 66 369
303 15 383
281 -35 397
266 -75 394
262 -118 385
260 -147 366
251 -171 358
215 -193 370
167 -197 394
120 -203 411
82 -198 430
27 -172 455
-29 -146 478
-73 -108 496
-110 -74 505
-134 -55 512
-147 -49 511
-166 -74 509
-176 -105 500
-183 -152 477
-184 -210 451
-173 -262 421
-152 -320 375
-122 -360 338
-97 -385 306
-78 -411 278
-58 -418 263
-46 -426 256
-46 -424 255
-41 -420 265
-56 -416 273
-73 -412 278
-90 -408 287
-110 -410 284
-139 -413 280
-163 -416 264
-191 -423 246
-220 -435 225
-245 -448 188
-263 -458 159
-280 -469 125
-295 -475 99
-302 -476 82
-325 -476 65
-344 -468 58
-367 -461 54
-395 -449 55
-413 -432 65
-433 -418 81
-455 -400 97
-477 -380 99
-499 -366 93
-518 -353 90
-537 -344 78
-555 -325 67
-571 -303 66
-592 -288 60
-610 -268 56
-621 -244 49
-635 -229 42
-645 -214 33
-658 -205 15
-665 -198 -6
-669 -194 -25
-670 -196 -46
-667 -198 -68
-666 -202 -86
-662 -209 -107
-665 -197 -119
-670 -193 -135
-678 -180 -140
-680 -166 -143
-687 -156 -143
-692 -142 -141
-694 -135 -144
-698 -124 -147
-701 -114 -156
-701 -110 -165
-705 -105 -174
-706 -98 -186
-705 -97 -200
-704 -90 -217
-705 -86 -227
-703 -82 -238
-701 -88 -249
-698 -91 -256
-692 -94 -265
-693 -104 -275
-687 -111 -278
-683 -118 -283
-678 -128 -282
-676 -136 -279
-674 -138 -275
-669 -159 -261
-660 -180 -253
-654 -193 -241
-650 -207 -222
-645 -219 -199
-644 -226 -171
-638 -230 -148
-633 -240 -119
-632 -247 -91
-620 -252 -69
-614 -259 -41
-606 -270 -22
-602 -273 -4
-591 -276 21
-581 -287 33
-563 -303 43
-540 -322 51
-516 -346 54
-493 -364 56
-471 -380 54
-453 -394 55
-441 -401 60
-426 -409 64
-417 -411 78
-414 -413 88
-410 -409 108
-418 -398 127
-424 -383 154
-420 -370 177
-414 -369 197
-405 -367 208
-401 -365 216
-388 -368 223
-369 -363 246
-345 -352 278
-317 -333 313
-303 -305 353
-299 -275 382
-289 -254 402
-278 -246 413
-251 -246 423
-218 -248 428
-180 -251 430
-146 -250 433
-119 -252 434
-69 -251 433
-16 -246 426
22 -244 422
68 -248 406
115 -246 391
155 -242 377
193 -230 359
222 -218 352
250 -200 342
273 -185 331
293 -170 327
317 -147 317
319 -127 325
327 -108 329
350 -80 313
380 -53 291
397 -7 285
387 41 305
357 89 339
322 142 361
294 193 371
279 231 371
274 259 362
271 285 354
262 311 346
239 345 341
211 377 338
186 416 325
165 439 315
144 463 302
131 482 284
121 502 276
104 514 262
88 536 248
71 551 231
49 564 206
31 587 187
11 602 165
-15 616 136
-37 629 115
-65 638 87
-90 654 56
-116 661 27
-142 664 -6
-170 673 -37
-207 672 -68
-240 669 -96
-275 663 -124
-310 656 -155
-343 642 -184
-375 627 -209
-404 613 -236
-431 597 -251
-462 575 -260
-489 558 -262
-522 531 -258
-556 503 -246
-586 480 -229
-610 451 -220
-636 423 -208
-655 393 -204
-672 364 -204
-687 333 -209
-701 301 -215
-711 267 -223
-720 238 -231
-726 208 -239
-729 181 -249
-733 155 -258
-733 129 -268
-731 101 -275
-731 78 -289
-724 49 -299
-724 23 -298
-720 5 -300
-716 -12 -308
-711 -30 -323
-702 -42 -346
-692 -51 -368
-677 -61 -402
-668 -63 -431
-653 -72 -453
-641 -77 -474
-630 -83 -497
-612 -93 -520
-590 -96 -546
-570 -102 -574
-544 -109 -604
-516 -116 -625
-490 -130 -653
-453 -141 -669
-428 -157 -686
-393 -172 -697
-358 -193 -706
-322 -213 -717
-274 -227 -726
-231 -240 -733
-188 -245 -737
-150 -248 -743
-117 -255 -743
-93 -252 -744
-76 -248 -746
-66 -247 -751
-56 -238 -752
-53 -233 -756
-44 -236 -755
-28 -233 -757
-18 -232 -756
-2 -227 -755
14 -225 -759
27 -227 -754
39 -227 -749
54 -230 -747
65 -232 -739
83 -233 -736
100 -228 -733
128 -223 -729
155 -209 -725
186 -203 -714
220 -191 -700
249 -184 -689
277 -177 -674
301 -169 -657
328 -160 -642
347 -149 -627
366 -143 -609
388 -141 -588
410 -137 -565
428 -136 -541
448 -123 -522
455 -115 -506
468 -107 -500
476 -90 -493
480 -88 -490
483 -76 -486
489 -65 -481
495 -59 -472
508 -50 -457
518 -58 -429
530 -56 -395
541 -51 -360
551 -42 -326
561 -27 -290
569 -17 -251
575 -2 -218
575 14 -186
581 28 -160
582 46 -135
579 64 -120
581 81 -103
573 107 -88
572 129 -70
567 148 -45
558 173 -25
548 193 0
541 215 21
526 238 42
519 254 63
500 279 79
489 298 96
472 320 110
455 339 123
445 356 132
427 372 138
415 389 146
401 403 152
386 419 162
378 423 167
364 431 176
354 438 180
351 442 183
336 452 182
336 461 181
327 463 187
313 463 197
306 462 210
288 458 233
269 444 262
249 445 285
217 435 315
196 415 343
166 403 369
135 382 393
103 351 431
74 329 448
63 311 459
57 288 467
57 271 473
71 263 473
79 254 469
88 249 467
98 242 464
100 228 463
109 213 468
101 197 471
97 176 478
89 161 483
70 131 486
63 109 488
55 87 493
52 64 492
64 48 488
72 40 480
92 35 474
112 34 463
134 32 452
161 36 445
181 38 431
200 42 417
216 40 417
224 45 403
238 52 397
244 56 392
250 61 383
267 69 384
273 76 375
280 86 366
291 98 361
294 110 351
303 128 346
308 144 339
309 171 333
306 202 327
303 230 319
305 260 310
303 280 300
304 294 291
304 319 281
301 330 277
294 348 270
288 369 265
278 383 257
268 408 249
257 426 241
245 449 229
231 480 214
217 505 190
198 536 156
186 569 116
166 596 69
144 628 15
116 649 -45
91 667 -102
55 684 -166
18 687 -214
-24 689 -276
-75 685 -333
-147 669 -380
-269 630 -440
-359 566 -508
-405 489 -580
-450 425 -615
-496 387 -609
-561 360 -556
-640 317 -470
-709 248 -366
-752 163 -269
-768 102 -195
-764 52 -156
-761 11 -136
-754 -23 -126
-746 -63 -115
-735 -95 -96
-723 -131 -72
-705 -166 -55
-684 -196 -35
-663 -228 -25
-644 -261 -18
-624 -287 -11
-599 -313 -19
-578 -339 -20
-557 -363 -28
-554 -369 -50
-555 -368 -61
-560 -373 -76
-555 -375 -81
-546 -385 -76
-541 -388 -80
-532 -397 -74
-524 -402 -79
-519 -404 -89
-510 -414 -93
-505 -421 -111
-496 -427 -122
-492 -432 -137
-487 -433 -155
-482 -438 -162
-480 -433 -172
-494 -425 -187
-500 -416 -207
-505 -413 -236
-500 -412 -259
-496 -410 -280
-494 -411 -299
-485 -411 -305
-485 -411 -315
-481 -410 -323
-480 -409 -332
-478 -401 -349
-470 -400 -370
-468 -389 -403
-461 -380 -438
-460 -363 -468
-454 -350 -490
-458 -340 -505
-454 -331 -518
-457 -319 -534
-451 -308 -548
-446 -299 -568
-440 -281 -588
-430 -271 -607
-423 -251 -629
-415 -235 -647
-412 -215 -661
-411 -197 -675
-410 -183 -681
-413 -174 -689
-415 -158 -695
-417 -136 -700
-431 -115 -703
-437 -92 -704
-453 -60 -705
-466 -35 -701
-479 -10 -697
-493 11 -689
-508 24 -675
-516 36 -668
-527 50 -664
-533 56 -658
-537 63 -656
-539 74 -651
-544 84 -646
-550 100 -642
-556 112 -634
-564 119 -621
-574 131 -612
-573 135 -608
-577 138 -606
-573 145 -608
-576 138 -607
-580 144 -605
-578 146 -603
-578 150 -600
-579 153 -602
-577 159 -600
-579 165 -598
-579 171 -596
-581 175 -592
-583 183 -588
-582 186 -587
-583 197 -584
-581 213 -579
-583 220 -573
-588 223 -565
-590 231 -558
-590 241 -555
-589 248 -552
-588 261 -551
-592 270 -539
-592 278 -528
-601 285 -521
-606 293 -505
-605 298 -499
-606 306 -486
-610 312 -483
-610 313 -482
-609 319 -479
-609 321 -474
-606 321 -472
-615 319 -463
-619 316 -457
-626 316 -448
-630 313 -439
-635 310 -426
-646 308 -410
-668 295 -368
-719 217 -223
-734 152 -96
-733 138 -90
-736 142 -109
-738 130 -116
-737 115 -118
-741 106 -118
-736 101 -127
-739 100 -132
-736 99 -139
-736 98 -141
-736 94 -114
-735 79 -100
-737 71 -104
-740 73 -113
-740 68 -123
-739 67 -124
-736 58 -114
-735 61 -96
-731 60 -70
-727 63 -46
-722 64 -16
-716 70 16
-709 79 44
-697 89 78
-689 103 100
-693 110 89
-701 99 76
-703 88 60
-704 107 54
-708 114 59
-702 116 62
-701 111 77
-700 123 77
-700 114 79
-697 105 88
-695 98 98
-691 106 111
-692 244 58
-697 228 53
-685 274 44
-674 319 29
-662 341 30
-650 370 32
-631 404 30
-627 405 41
-643 350 84
-643 321 128
-642 262 186
-626 211 241
-603 165 288
-580 132 322
-564 120 343
-552 107 357
-538 110 370
-532 112 378
-528 113 387
-518 115 393
-515 105 399
-514 89 405
-512 65 406
-523 45 397
-530 34 388
-545 26 377
-558 26 364
-566 29 354
-586 22 340
-596 20 324
-613 16 309
-628 10 289
-641 0 269
-659 -13 241
-675 -24 210
-686 -41 182
-700 -54 147
-709 -65 120
-717 -80 87
-723 -84 65
-725 -91 39
-734 -101 15
-735 -105 -11
-739 -104 -40
-743 -111 -74
-742 -112 -105
-744 -109 -142
-746 -107 -174
-744 -104 -198
-744 -102 -223
-743 -97 -238
-741 -96 -257
-737 -98 -278
-731 -100 -295
-727 -106 -321
-715 -110 -344
-701 -115 -376
-686 -125 -414
-664 -133 -451
-642 -138 -485
-619 -146 -517
-593 -152 -546
-563 -156 -578
-539 -166 -598
-516 -168 -617
-491 -178 -637
-470 -183 -644
-446 -186 -663
-424 -195 -671
-410 -189 -682
-380 -195 -693
-356 -207 -704
-331 -217 -706
-304 -232 -705
-288 -251 -695
-272 -276 -681
-261 -303 -657
-257 -333 -