3.055281604601957 24.81260273160759 0
3.000003393551418 24.00638142660335 0
3.053566530684785 23.20004437935107 0
3.214999340893335 22.40821880456658 0
3.481373473000355 21.64526832622147 0
3.847856743139018 20.92503335615134 0
4.307800912259347 20.26057922653711 0
4.852862996262491 19.66395864039201 0
5.473154931336563 19.14599506987844 0
6.15742453376707 18.71608433841241 0
6.893259350469648 18.38202493458574 0
7.667310983773017 18.14987692556576 0
8.465537487310685 18.02385158964992 0
9.273459767757467 18.00623492657428 0
10.07642118119281 18.09734657626932 0
10.85985603999646 18.29553372255663 0
11.60955265007977 18.59720119137667 0
12.31191154059234 18.99687678072074 0
12.95419155122125 19.48731020606883 0
13.52474138000827 20.05960465891544 0
14.01321154608297 20.70337900355221 0
-24.67265290454405 -4.032393662812998 0
-23.80762353208829 -4.002643978287669 0
-22.94553561597716 -4.079876817366086 0
-22.09956912388906 -4.262911423684248 0
-21.2826583333221 -4.548949367232018 0
-20.50729316929063 -4.933617305616459 0
-19.78532789758266 -5.4110341681931 0
-19.12780072324707 -5.973900696602962 0
-18.54476445209013 -6.613611381008231 0
-18.04513336191042 -7.320385438314544 0
-17.63654623974001 -8.083417026547505 0
-17.32524987519219 -8.891040358049011 0
-17.11600378788696 -9.730907351052226 0
-17.0120070308497 -10.59017776645721 0
-17.01484969331193 -11.45571393765779 0
-17.12448827077639 -12.31428248915847 0
-17.33924650782949 -13.15275705004963 0
-17.65584097095483 -13.9583181394476 0
-18.06943134684203 -14.71864968102402 0
-18.57369409541652 -15.42212666370859 0
-19.16091954882755 -16.05799371164898 0
5.020106154884696 -24.49078467901117 0
5.00489663309535 -23.7576456723544 0
5.079234633889509 -23.02812681924722 0
5.24200976291592 -22.3131246549776 0
5.49079069994883 -21.62331893426364 0
5.821861549242028 -20.96901300154853 0
6.230276994373515 -20.3599804328002 0
6.70993687080992 -19.80531784904222 0
7.253676243913792 -19.31331051651764 0
7.853373773249323 -18.89130707625475 0
8.500071737040724 -18.54561106263429 0
9.184110576608429 -18.28138604187915 0
9.895273020369926 -18.10257867365088 0
10.62293622931443 -18.01185981185841 0
11.35623199452527 -18.01058443868882 0
12.08420656968409 -18.09877164361064 0
12.79598659049978 -18.27510417852473 0
13.48094029097701 -18.53694817225693 0
14.12883667616414 -18.88039249024985 0
14.72999854544444 -19.3003073663289 0
15.27544621240368 -19.79042048598165 0
-24.67265290454404 -4.032393662813003 0
-24.94010089883913 -1.729556924684422 0
-24.99308056044781 0.5881531254412242 0
-24.83113628595757 2.900805189632977 0
-24.45566080135895 5.188511806758807 0
-23.86988272311647 7.431601360720721 0
-23.07883953804855 9.610783816994685 0
-22.08933384499131 11.70731951748656 0
-20.90987429899053 13.70318053593454 0
-19.55060412524547 15.58120272437063 0
-18.02321113809702 17.32523766854515 0
-16.34083086869217 18.92028663949881 0
-14.51792994328159 20.35263398584979 0
-12.57018464297087 21.60996200925905 0
-10.51434447274189 22.68145851369621 0
-8.368087131993818 23.55790987654379 0
-6.149870347414131 24.23177861218603 0
-3.878768552741053 24.69727018344876 0
-1.574312377188773 24.9503815710107 0
0.7436824094305892 24.98893628136067 0
3.055281604601966 24.8126027316076 0
5.02010615488472 -24.49078467901118 0
3.696548941318341 -24.72520022010819 0
2.362305776665247 -24.88813997504703 0
1.021233467578245 -24.97913293540627 0
-0.3227908900655461 -24.99791603396753 0
-1.665882148123155 -24.94443498395113 0
-3.004157452363485 -24.81884441309484 0
-4.333748537088086 -24.62150733844877 0
-5.650811356866475 -24.35299429247067 0
-6.951539073375178 -24.01408137971008 0
-8.232170974064951 -23.60574847476272 0
-9.489005718701225 -23.1291757412679 0
-10.7184092818213 -22.58574113168233 0
-11.91682788485736 -21.97701556541939 0
-13.08079747489177 -21.30475856283908 0
-14.20695270916399 -20.57091380370785 0
-15.29203863629828 -19.77760234067721 0
-16.33291819877021 -18.92711766519882 0
-17.32658238832413 -18.02191839790138 0
-18.27015873822951 -17.06462128732707 0
-19.16091954882757 -16.05799371164896 0
14.01321154608297 20.70337900355222 0
15.9034970929498 19.2893436957958 0
17.65198162181494 17.70332016383107 0
19.24307737003857 15.9594477764962 0
20.66259604781001 14.07327696611654 0
21.89788126216708 12.06162494144268 0
22.93791888399749 9.942428137590497 0
23.77343559736137 7.734582076499741 0
24.39698187125735 5.457772033855955 0
24.8029978182993 3.132299351185962 0
24.9878634060234 0.7788981974023717 0
24.94993028319957 -1.581448343601812 0
24.68953678330331 -3.927693143043744 0
24.20900447255623 -6.238918371621187 0
23.51261769696452 -8.494516409801731 0
22.60658610936353 -10.67437419617336 0
21.49898791944132 -12.75905633029796 0
20.19969890756615 -14.72997501843336 0
18.72030359508947 -16.56955742642755 0
17.07399312831581 -18.26140078565235 0
15.27544621240371 -19.79042048598162 0
